20
5 981090
272 32 208 16 240
2 899208
315190 391717
3 865269
18748 12971 1090
2 969948
288320 473004
3 948679
97 270 292
3 875258
41756 23068 11680
3 833617
27163 113172 244562
3 898478
140789 13959 269
4 836668
42 56 77 56
3 892182
53956 71750 5453
6 855981
15901 104784 124400 81997 132864 81549
6 876508
3 1 4 4 2 3
3 920618
227 81 273
3 857953
24 256 247
2 833009
13 187
3 909496
123 178 287
4 941400
182 26 156 130
6 823698
3025 89777 78265 76215 136617 28393
2 834986
5097 103142
2 848086
86 78
